........

–1

–

301

........

302

........

314
315
316
318
318
318
318
318
319
323
323
336
339
345
349
3
3
3
3
4 3
5 3
3
6 3
6 3
1 3
5 3
5 3
9 3
7 3
416
421
427
436
439
443
447
449
453
463
466
470
475
480
483
485
489
493
497
497
498
499
499
504
510
513
516
520
523
526
527
529
531
532
533
533
535

48
49
50
51
52
53
54
55
56
57
58
59
60
61
62
63
64
65

303

........

–1
–

-


----

304

........

305

........

306

........

-

307

........

-

308

........

-

2008

21.100.000.000
3.800.000.000
0
1.099.500.000
3.100.000.000
0
11.185.520.420

112.300.000.000
64200.000.000
1.800.000.000
1.000.000
6.300.000.000
8.000.000.000
13.824.000.000

133.400.000.000
68.000.000.00
1.800.000.000
1.100.500.000
9.400.000.000
8.000.000.000
25.009.520.420
28.400.000.000

-

46.285.020.420

6

36 065 761 587
0
0

2008
148.889.000.000
184 954 761 587
21.200.000.000
21.200.000.000
12.300.000.000

5 445 778 833

49.035.000.000

3.700.000.000
-2.026.520.000
3.100.000.000
46.285.020.420

500.000
3.400.000.000

54 480 778 833
500.000
3.700.500.000
1.373.480.000
9.400.000.000

228.825.000.000

7
I
260 635 540 420

264 609 520 420
309

........

197 254 761 587
63 380 778 833
54 480 778 833
8 900 000 000
201.400.000.000

28.400.000.000
25 009 520 420

5 074 480 000

1.100.500.000

500.000

500.000

3.700.500.000
3.700.500.000

1.100.000.000
1.100.000.000

1.373.480.000

265 710 020 420
9.400.000.000

265 710 020 420
9.400.000.000
9.400.000.000

9.400.000.000
275 110 020 420

275 110 020 420

310

II

........

2008
18,79%

21.100.000.000 112 300 000 000

133 400 000 000

11,60%

3.700.000.000

31 900 000 000

35 600 000 000

15,60%

9.400.000.000

60 000 000 000

69 400 000 000

31,18%

5.800.000.000

18 600 000 000

24 400 000 000

122,22%

2.200.000.000

1 800 000 000

4 000 000 000

5,92%

3.800.000.000

64 200 000 000

68 000 000 000

11 700 000 000

13 100 000 000

11,97%
4,15 %

1.900.000.000

45 800 000 000

47 700 000 000

0%

0

4 400 000 000

4 400 000 000

21,74%

500.000.000

2 300 000 000

2 800 000 000

26,79%

6.000.000.000

22 400 000 000

28 400 000 000

0%

0

1 800 000 000

1 800 000 000

0,00%

0

1 800 000 000

1 800 000 000

30 900 000 000 200 700 000 000

231 600 000 000

15,39%
66,64%

4199 500 000

6 301 000 000

10 500 500 000

49,21%

3 .100.000.000

6 300 000 000

9 400 000 000

1099,5%

1.099.500.000

1 000 000

1 100 500 000

0%

0

8 000 000 000

8 000 000 000

11 185 520 420

13 824 000 000

25 009 520 420

46 285 020 420

228 825 000 000

275 110 020 420

80,91%
20,23%

46 200 000 000

43 700 000

311

........

-

–

14 400

7 500 000 000

21 400 000 000

15 600 000 000

2 200 000 000

0

12 400 000 000

11 000 000 000

46 900 000 000

45 000 000 000

2 800 000 000

2 300 000 000

28 400 000 000

22 400 000 000

%
2008
24.22

36 065 761 587

7,81

5 100 000 000

2008

148 889 000 000
65 300 000 000
312

184 .954 .761.587
69 798 620 670

-

........

5.13

2 814 100 000

-

55 510 808 792
54 864 769 026

3 000 000 000

0

3 000 000 000

118.19

6 618 501 999

5 600 000 000

12 218 501 999

-

81,06

18 743 900 000

23 124 230 974

44 426 825 126

-

0,00

0

12 300 000 000

12 300 000 000

0,00

0

4 200 000 000

4 200 000 000

-

0,00

0

8 100 000 000

8 100 000 000

-

22.37

36 065 771 587

161 189 000 000

197 254 761 587

9.40

5 445 778 833

57 935 000 000

63 380 778 833

11.11

5 445 778 833

49 035 000 000

54 480 778 833

11.11

5 445 778 833

49 035 000 000

54 480 778 833

0

0

8 900 000 000

0

0
0

8 900 000 000
0

49.21

4 773 480 000

9 701 000 000

14 474 480 000

59,60

-2 026 520 000

3 400 000 000

1 373 480 000

-

1 000 000

3 701 000 000

-

6 300 000 000

9 400 000 000

700
3 100 000 000
20.23

275 110 020 420

46 285 020 420

313

-

........

- IV

-

537

........

CEROS

-

FMM

538

........

539

........

.

------------

540

